342.169647
366.443420
380.451996
328.087219
247.168594
245.331985
185.716187
270.596069
355.855957
319.863892
377.538635
247.879822
243.495392
239.753769
281.185364
309.069336
322.480164
270.461060
363.987427
315.866577
339.182434
258.371857
400.272888
227.832031
275.074158
233.251816
276.656860
432.004761
407.174622
405.964630
251.556625
346.651306
350.600006
325.361053
373.928497
373.409882
328.513916
321.538422
300.266235
294.556580
244.212021
279.237122
276.903534
251.608841
331.549713
225.579498
278.482666
352.130493
256.519043
312.964020
311.717987
320.802002
387.193451
315.301178
291.427124
315.740540
334.803406
289.437500
314.753784
373.080383