0.00 0.00 
0.00 0.02 
0.00 0.27 
0.00 0.24 
0.00 0.25 
0.00 0.27 
0.00 0.31 
0.00 0.26 
0.00 0.26 
0.00 0.15 
0.00 0.14 
0.00 0.21 
0.00 0.10 
0.00 0.30 
0.00 0.36 
0.00 0.43 
0.00 0.26 
0.00 0.23 
0.00 0.33 
0.00 0.34 
1.00 0.46 
1.00 0.72 
1.00 0.70 
1.00 0.70 
1.00 0.88 
1.00 0.84 
1.00 0.72 
1.00 0.93 
1.00 0.90 
1.00 0.76 
1.00 0.85 
1.00 0.76 
1.00 0.69 
1.00 0.67 
1.00 0.73 
1.00 0.73 
1.00 0.74 
1.00 0.91 
1.00 1.00 
1.00 0.92 
1.00 0.90 
1.00 0.88 
1.00 1.00 
1.00 0.89 
1.00 0.85 
1.00 0.98 
1.00 0.96 
1.00 0.99 
1.00 0.81 
1.00 0.70 
1.00 0.64 
1.00 0.86 
1.00 0.91 
1.00 0.77 
1.00 0.94 
1.00 0.93 
1.00 0.97 
1.00 0.86 
1.00 0.79 
1.00 0.82 
1.00 0.75 
1.00 0.91 
1.00 0.97 
1.00 1.02 
1.00 1.01 
1.00 1.03 
1.00 1.03 
1.00 1.06 
1.00 0.89 
1.00 0.74 
1.00 0.90 
1.00 0.75 
1.00 0.85 
1.00 0.71 
1.00 0.80 
1.00 0.90 
1.00 0.79 
1.00 0.92 
1.00 0.90 
1.00 1.01 
1.00 0.88 
1.00 0.73 
1.00 0.76 
1.00 0.76 
1.00 0.82 
1.00 0.77 
1.00 0.78 
1.00 0.92 
1.00 0.74 
1.00 0.74 
1.00 0.85 
1.00 0.69 
1.00 0.76 
1.00 0.76 
1.00 0.71 
1.00 0.90 
1.00 1.01 
1.00 0.84 
1.00 0.92 
1.00 1.00 
